Multiplication;
Matrice a;
5;
5;
-44.43143832914018;-836.9762142029018;-346.27433085025245;-260.1782085986539;-602.3272043966035;
28.487664146004136;198.85479574343435;313.91707235726335;-84.40195276116594;672.8396383843747;
-990.3289779298883;-343.7691542363441;-657.5677789966635;-338.74393118929106;260.1781855425231;
-792.9328691509938;135.78990698002553;434.55570606974084;-558.3778080037922;555.8744097495182;
641.234140266255;-297.2495090928993;550.7256218268619;-537.8372169763315;-788.9229815498315;
Matrice b;
5;
5;
-576.089587182536;139.1919427310147;-841.7018611962437;526.765180189341;-663.8235827383585;
-496.65218584882354;-878.2644962062469;-24.991655275941753;715.8342041021824;325.9969504965188;
-9.420246496625737;-7.736480964005295;-198.0601200697065;-321.7387300758405;845.1912331573947;
-80.8613873575905;-841.9342455753726;-552.6116817854398;-310.1177715022909;95.7351063235501;
-865.6864802171849;977.2070011621649;-357.4231178545382;-319.1005986170459;-452.17973178389764;
